[ 0  0  0  0  0  0  0  0  0  0  0  0  0  0  0  0  0  0  0  0  0  0  0  0  0
  0  0  0  0  0  0  0  0  0  0  0  0  5  6 16 11  8 22 10 17 47 32 30 52 30
 27 21 20 11  3 20  9 11  3  1  9  4  5  1  1  0  4  0  0  2  6  7  0  3  3
  0  2  2  0  0  4  1  0  0  0  1  1  7  2  1  0  2  3  4  2  2  1  0  4  1
  3  4  0  3  4  6  2  7  3  0  5  1  5  3  4  1 12  5  8  6 10  7 16 14 19
 11 26 20 14 38  9 14  6  7 12  8 10 16 19  8 14 31 18 25 46 30 23 25 21 31
 34 31  5  0  0  0  0  0  0  0  0  0  0  0  0  0  0  0  0  0  0  0  0  0  0
  0  0  0  0  0  0  0  0  0  0  0  0  0  0  0  0  0  0  0  0  0  0  0  0  0
  0  0  0  0  0  0  0  0  0  0  0  0  0  0  0  0  0  0  0  0  0  0  0  0  0
  0  0  0  0  0  0  0  0  0  0  0  0  0  0  0  0  0  0  0  0  0  0  0  0  0
  0  0  0  0  0  0]